1.60993955209
9.53278209975
0.712385157516
8.26832118283
9.88009724321
4.07408762758
2.87847257534
5.30193685046
0.0808806021167
6.65215787361
3.40268676407
2.86563750669
7.38082933399
7.60018059232
9.65055066859
6.51472258501
6.0762116445
2.92322771304
5.33365602238
1.3187594835
6.22807590883
1.22707946191
4.44348592564
1.56314399725
3.99129544445
1.9622908311
4.35371312901
5.28927238628
4.68366247176
8.93995543403
0.11454964597
9.38266478013
3.42685503799
9.8538874541
9.02098626323
6.84278708834
0.252811457936
2.02463385407
1.19444420157
7.81241652144
9.66005437638
2.29359726846
5.35372398311
9.25844003807
4.40643066354
2.6607130509
1.32501464359
6.7719283953
5.70526119347
1.49103552013
5.10783731355
7.93731626875
3.80741890878
9.92207849197
0.50830268998
4.92348103915
0.464075031123
9.43351219858
4.89204813016
1.08368774653
2.96914994721
9.51801555405
0.590133101887
1.50300228741
7.76573186564
0.730571470891
0.596630582243
1.2746042074
9.96787652127
7.29063035435
6.42085046927
2.72213031356
5.47474904328
4.23672328551
5.40267482712
9.63777322735
0.906800219764
5.9292546091
7.4980055602
1.85946842826
8.49245806825
8.63302926821
7.2957913681
5.3512125435
9.29429217676
2.36116843721
0.236970599949
5.58963884018
5.0067474556
5.47314868222
7.04988989102
9.04774247289
7.20146693128
5.25131354701
6.38225803311
8.52271558193
3.153805742
7.55467884452
2.1968242589
